Year,Skincare,Haircare,Make-up,Perfumes,Hygiene products
2011,31,25,17,14,13
2012,33.80,24.30,16.40,12.90,12.60
2013,34.10,24.10,16.60,12.70,12.50
2014,35.30,23.30,16.60,12.80,12
2015,36.10,22.90,17.30,12.20,11.50
2016,36.40,22.90,18.20,10.50,12
2017,37,22,19,12,10
2018,39,21,19,11,10
2019,40,21,18,11,10
2020,42,22,16,10,10
2021,41,22,16,11,10
2022,41,22,16,11,10
2023,40,21,17,12,10